Batch Size		error
Original			0.9829469215000091
r=1				[[0.99786863]]
r=100				[[0.98478524]]
r=10000				[[0.98311475]]
r=1000000				[[4.66401092]]
